                                                 
                                                 
                                                 
                                                 
                                                 
                                                 
                                                 
                                                 
                                                 
                                                 
                                                 
                                                 
                                                 
                                                 
                                                 
                                                 
                                                 
                                                 
                                                                      222222222222                                                 2222222222222222222
 
                                                 
                                                                             
                                                       222222222222                 222222222222                2222222222222222
                                                
                                                                                         
                                         33  
2222222222222222222222222222222222222222222222222222222                                            222222222222