 
 
 
 
 
 
 
 
 
 
 
 
 
 
 
 
                                        
                                                222222222333222233322222222
 
                                            4                     
                                                                     
                                       4                                                                       233332333323332
                                                                                
                                                                                  4           222222222222222
                                                                                                                 4    4   4
                
222222222222222222222222222222222222233333333333333333                               222222222333333                           2222222