  
 
 
 
 
 
 
 
 
22222222222222222222222
                        222222223332222222                                                                 2222222222233333332
                                            222222333222222222
                                                                222222222233322222222222222222233322222       
 
                                                                                                                             333333
                                                                                                                            
 
 
                                                                                                       
                                                                                                                                     2222222
  
                                                                                                                     22222222
 
                                                                                                        22222222222          2222233       2
 
 
 